0.003004797805936587,-0.19344006792835872,0.49954332149143454,0.4960945360044098,2248409174727806e-25,3535784374902684e-26,0.4977202422191755,3563541308224539e-25,4097836111751041e-26
-0.19344006792835872,-0.4004503714921411,0.49293019531419763,0.0001633048632937525,0.49562675733685724,8110608086003439e-20,0.006671993972402802,0.4960778591204723,17479516085118855e-26
0.49954332149143454,0.49293019531419763,-0.0036527244944328727,4474392325868492e-25,0.0005383420563219917,0.4993168385365973,-37533220558507104e-26,0.0021753359976164166,0.49886644116947293
0.4960945360044098,0.0001633048632937525,4474392325868492e-25,0.2994289315542553,0.49718119875971456,0.500899628118594,0.49789460802674934,0.0011496206979280657,8206579757783058e-26
2248409174727806e-25,0.49562675733685724,0.0005383420563219917,0.49718119875971456,0.0018982506706542168,0.49789155321528905,976638085544706e-26,0.49480203890366115,0.0072489917679848664
3535784374902684e-26,8110608086003439e-20,0.4993168385365973,0.500899628118594,0.49789155321528905,-0.004235753998767886,2802274825005637e-26,0.0006561257075381878,0.4955259080022226
0.4977202422191755,0.006671993972402802,-37533220558507104e-26,0.49789460802674934,976638085544706e-26,2802274825005637e-26,-0.0010081681610431092,0.49723469093108164,0.5020540435840092
3563541308224539e-25,0.4960778591204723,0.0021753359976164166,0.0011496206979280657,0.49480203890366115,0.0006561257075381878,0.49723469093108164,0.0018217773596257473,0.5008824742233299
4097836111751041e-26,17479516085118855e-26,0.49886644116947293,8206579757783058e-26,0.0072489917679848664,0.4955259080022226,0.5020540435840092,0.5008824742233299,0.003923358327258902
